8

-0.0039399340
0.4407415000
-0.3998108000
-0.0165314400
0.2824709000
-0.2774182000
-0.3202516000
0.3163925000
8

-0.0021955390
0.4441109000
-0.3946559000
-0.0291450800
0.2844233000
-0.2664267000
-0.3279536000
0.3163149000
8

-0.0003850001
0.4469532000
-0.3885119000
-0.0476138900
0.2883049000
-0.2516003000
-0.3392065000
0.3130662000
8

0.0011830900
0.4556994000
-0.3757681000
-0.0562260500
0.2825084000
-0.2364287000
-0.3496741000
0.3185243000
8

0.0031185680
0.4630251000
-0.3651639000
-0.0564090600
0.2740077000
-0.2272613000
-0.3544846000
0.3269782000
8

0.0048189970
0.4754407000
-0.3479276000
-0.0452657000
0.2544462000
-0.2191866000
-0.3570206000
0.3449388000
8

0.0065000620
0.4923292000
-0.3225642000
-0.0225236000
0.2227545000
-0.2101122000
-0.3567974000
0.3717705000
8

0.0050231760
0.5126888000
-0.2629696000
0.1112949000
0.1066878000
-0.2308248000
-0.3004001000
0.4528174000
8

0.0099141540
0.4629967000
-0.2934309000
-0.2103201000
0.2991279000
-0.0965324400
-0.4369405000
0.2611515000
8

0.0095692030
0.5249518000
-0.2308370000
-0.1174732000
0.1994036000
-0.0939871900
-0.4310281000
0.3516782000
8

0.0086246820
0.5628511000
-0.1363094000
-0.0759928200
0.1045041000
-0.0430379000
-0.4358331000
0.3942693000
8

0.0070879630
0.5818332000
0.0118969100
-0.0375820100
-0.0257519000
0.0492171100
-0.4267655000
0.4162059000
8

0.0036813020
0.5415610000
0.2127257000
0.0360012200
-0.2072044000
0.1616413000
-0.3549636000
0.4041421000
8

-0.0003673625
0.4888436000
0.2980566000
0.1133227000
-0.3073583000
0.1871622000
-0.2743482000
0.3916832000
8

-0.0034874680
0.4438499000
0.3273684000
0.1937853000
-0.3696566000
0.1699795000
-0.1986188000
0.3909028000
8

-0.0050548980
0.4008532000
0.3410676000
0.2561238000
-0.4111832000
0.1500696000
-0.1338722000
0.3847394000
8

-0.0062591280
0.3796876000
0.3270651000
0.3035780000
-0.4272637000
0.1175614000
-0.0928291800
0.3902041000
8

-0.0066129340
0.3668294000
0.3117660000
0.3347639000
-0.4342260000
0.0927174800
-0.0657891900
0.3944900000
8

-0.0064537210
0.3612179000
0.2956779000
0.3553137000
-0.4354745000
0.0725926500
-0.0490187100
0.3996724000
8

-0.0058144400
0.3525183000
0.2813244000
0.3755569000
-0.4373846000
0.0533524800
-0.0299576900
0.4025352000
8

-0.0047684690
0.3392555000
0.2640346000
0.3998528000
-0.4389092000
0.0297840800
-0.0062027650
0.4046367000
8

-0.0021331140
0.3169426000
0.2321719000
0.4361716000
-0.4362201000
-0.0099903150
0.0305229400
0.4077820000
8

0.0016307640
0.2726265000
0.1849525000
0.4850666000
-0.4282296000
-0.0688932600
0.0884199800
0.4026612000
8

0.0055306800
0.2283177000
0.1361166000
0.5213290000
-0.4122151000
-0.1237729000
0.1387116000
0.3924645000
8

0.0098356700
0.1963509000
0.0866414500
0.5431640000
-0.3884664000
-0.1719059000
0.1724335000
0.3852322000
8

0.0137550700
0.1676560000
0.0424107100
0.5563419000
-0.3642921000
-0.2126338000
0.1986598000
0.3757462000
8

0.0168391800
0.1667622000
-0.0043684640
0.5566521000
-0.3349138000
-0.2479884000
0.1979771000
0.3813933000
8

0.0207994400
0.1771473000
-0.0418490200
0.5502045000
-0.3092106000
-0.2728582000
0.1863759000
0.3917737000
8

0.0244272100
0.2228039000
-0.0952141400
0.5247310000
-0.2665654000
-0.2970243000
0.1387383000
0.4239451000
8

0.0272713300
0.2805608000
-0.1526491000
0.4801564000
-0.2131266000
-0.3133489000
0.0720983500
0.4579360000
8

0.0289543600
0.3405411000
-0.2050508000
0.4168648000
-0.1535745000
-0.3157687000
-0.0068714380
0.4851411000
8

0.0284803800
0.4123848000
-0.2786933000
0.2895731000
-0.0465816000
-0.3018369000
-0.1326831000
0.4979303000
8

0.0243034900
0.4495295000
-0.3158929000
0.1747287000
0.0321236300
-0.2700042000
-0.2268968000
0.4829563000
8

0.0186327400
0.4707192000
-0.3266090000
0.0740072700
0.0863389200
-0.2272117000
-0.3010971000
0.4571371000
8

0.0124373600
0.4755992000
-0.3296926000
-0.0000976179
0.1228452000
-0.1934551000
-0.3500162000
0.4289612000
8

0.0071083870
0.4849958000
-0.3168615000
-0.0195243900
0.1168449000
-0.1716069000
-0.3688195000
0.4248873000
8

0.0010064960
0.5280769000
-0.2393908000
0.0406598500
0.0150354700
-0.1275134000
-0.3559165000
0.4663224000
8

-0.0122537800
0.5054501000
0.2027236000
0.2033343000
-0.3640054000
0.1483795000
-0.1929842000
0.4105127000
8

-0.0373523100
0.5147854000
0.2330910000
-0.0593939100
-0.2428652000
0.3145785000
-0.3546962000
0.2807735000
8

-0.0544408300
0.5039831000
0.2298770000
-0.0080187720
-0.2782795000
0.3245961000
-0.3190792000
0.2843769000
8

-0.0687338000
0.5020832000
0.1940755000
0.0238443600
-0.2832430000
0.3276789000
-0.3048226000
0.3004143000
8

-0.0733810000
0.4998125000
0.1519736000
0.0557984000
-0.2818991000
0.3304226000
-0.2893354000
0.3263298000
8

-0.0639312000
0.4988384000
0.1068812000
0.0887427500
-0.2759194000
0.3292057000
-0.2705890000
0.3600897000
8

-0.0419261300
0.5013639000
0.0646004800
0.1286327000
-0.2726910000
0.3129402000
-0.2451631000
0.3979180000
8

-0.0177539500
0.5008658000
0.0420112000
0.1966175000
-0.2960479000
0.2655155000
-0.1967622000
0.4309446000
8

-0.0072057110
0.3766880000
0.1352719000
0.4009753000
-0.4368930000
0.1621871000
0.0261776000
0.3857559000
8

-0.0110334500
0.0909237900
0.2557324000
0.5142663000
-0.4875048000
0.0445436700
0.2922781000
0.1818559000
8

-0.0128023900
0.0594033900
0.2626143000
0.5178946000
-0.4811459000
0.0212662400
0.3145679000
0.1546290000
8

-0.0126557600
0.0315039900
0.2699174000
0.5174688000
-0.4736200000
0.0088834050
0.3336918000
0.1292614000
8

-0.0118428200
0.0149298900
0.2741341000
0.5159479000
-0.4675510000
0.0035560860
0.3453531000
0.1133491000
8

-0.0095867530
0.0259739700
0.2689169000
0.5180134000
-0.4666789000
0.0016461660
0.3416972000
0.1216266000
8

-0.0057054360
0.0397142000
0.2629662000
0.5200902000
-0.4654045000
0.0007359628
0.3374338000
0.1324646000
8

-0.0014256390
0.0555885200
0.2564605000
0.5216265000
-0.4646965000
0.0003156268
0.3322894000
0.1450351000
8

0.0015642090
0.0773889000
0.2455249000
0.5234702000
-0.4658239000
0.0001354909
0.3218251000
0.1626655000
8

0.0041378840
0.1208715000
0.2212169000
0.5251566000
-0.4698311000
0.0000610960
0.2943577000
0.1994054000
8

0.0070679290
0.1681687000
0.1908284000
0.5231278000
-0.4717166000
0.0000255378
0.2596813000
0.2399651000
8

0.0098071080
0.2219322000
0.1511497000
0.5150365000
-0.4701035000
0.0000107533
0.2136714000
0.2855529000
8

0.0119265000
0.3028749000
0.0805893200
0.4878345000
-0.4559453000
0.0000034053
0.1289347000
0.3526573000
8

0.0121455200
0.3861741000
-0.0128236900
0.4305982000
-0.4169093000
0.0000013554
0.0151383200
0.4186767000
8

0.0096018980
0.4344864000
-0.0894678600
0.3690761000
-0.3714877000
0.0000000000
-0.0775012200
0.4529624000
8

0.0054139950
0.4563135000
-0.1430562000
0.3207527000
-0.3351167000
0.0000000000
-0.1406422000
0.4655842000
8

0.0009727238
0.4666710000
-0.1835953000
0.2804559000
-0.3048240000
0.0000000000
-0.1880481000
0.4688076000
8

-0.0023338290
0.4699628000
-0.2146651000
0.2489468000
-0.2803747000
0.0000000000
-0.2225194000
0.4678667000
8

-0.0037518490
0.4684890000
-0.2383810000
0.2271696000
-0.2619977000
0.0000000000
-0.2452091000
0.4660585000
8

-0.0036997000
0.4649827000
-0.2577073000
0.2110423000
-0.2469630000
0.0000000000
-0.2609356000
0.4645848000
8

-0.0010577850
0.4603214000
-0.2766804000
0.1945816000
-0.2300214000
0.0000000000
-0.2750038000
0.4641705000
8

0.0039199710
0.4546732000
-0.2937139000
0.1800704000
-0.2138702000
0.0000000000
-0.2852169000
0.4647657000
8

0.0104553300
0.4485539000
-0.3078608000
0.1692025000
-0.2003178000
0.0000000000
-0.2908835000
0.4663464000
