8
x    y    z    ((1<<(angular_quantum_number*2))+magnetic_quantum_number)    number_of_primitives
-0.0051890020  0.0052368120  0.0005312246  1  4
-0.0051890020  0.0052368120  0.0005312246  4  4
-0.0051890020  0.0052368120  0.0005312246  5  4
-0.0051890020  0.0052368120  0.0005312246  6  4
-0.0502879700  -0.8691372000  -0.6388126000  1  3
0.0330077200  0.8948448000  -0.6173802000  1  3
-0.8679715000  -0.0261168500  0.6517723000  1  3
0.8785619000  0.0022453270  0.6285761000  1  3
8
x    y    z    ((1<<(angular_quantum_number*2))+magnetic_quantum_number)    number_of_primitives
-0.0059029710  0.0065287440  0.0005283415  1  4
-0.0059029710  0.0065287440  0.0005283415  4  4
-0.0059029710  0.0065287440  0.0005283415  5  4
-0.0059029710  0.0065287440  0.0005283415  6  4
-0.0573915300  -0.8711054000  -0.6386234000  1  3
0.0312930100  0.8960503000  -0.6129271000  1  3
-0.8651441000  -0.0236829400  0.6529400000  1  3
0.8825871000  -0.0027991220  0.6275788000  1  3
8
x    y    z    ((1<<(angular_quantum_number*2))+magnetic_quantum_number)    number_of_primitives
-0.0067100130  0.0072918140  0.0009552965  1  4
-0.0067100130  0.0072918140  0.0009552965  4  4
-0.0067100130  0.0072918140  0.0009552965  5  4
-0.0067100130  0.0072918140  0.0009552965  6  4
-0.0653351200  -0.8723980000  -0.6356692000  1  3
0.0293713100  0.8973258000  -0.6091233000  1  3
-0.8634390000  -0.0205178100  0.6522341000  1  3
0.8859955000  -0.0110157900  0.6282657000  1  3
8
x    y    z    ((1<<(angular_quantum_number*2))+magnetic_quantum_number)    number_of_primitives
-0.0078082310  0.0080247530  0.0009668898  1  4
-0.0078082310  0.0080247530  0.0009668898  4  4
-0.0078082310  0.0080247530  0.0009668898  5  4
-0.0078082310  0.0080247530  0.0009668898  6  4
-0.0711389200  -0.8738155000  -0.6311896000  1  3
0.0279803300  0.8976002000  -0.6056714000  1  3
-0.8609182000  -0.0157919200  0.6520373000  1  3
0.8889648000  -0.0182935400  0.6290549000  1  3
8
x    y    z    ((1<<(angular_quantum_number*2))+magnetic_quantum_number)    number_of_primitives
-0.0087447220  0.0083782340  0.0019034150  1  4
-0.0087447220  0.0083782340  0.0019034150  4  4
-0.0087447220  0.0083782340  0.0019034150  5  4
-0.0087447220  0.0083782340  0.0019034150  6  4
-0.0758590100  -0.8752140000  -0.6284380000  1  3
0.0271569200  0.8991010000  -0.5999637000  1  3
-0.8577388000  -0.0097993700  0.6518461000  1  3
0.8908365000  -0.0244907800  0.6289641000  1  3
8
x    y    z    ((1<<(angular_quantum_number*2))+magnetic_quantum_number)    number_of_primitives
-0.0096274480  0.0083226120  0.0027050290  1  4
-0.0096274480  0.0083226120  0.0027050290  4  4
-0.0096274480  0.0083226120  0.0027050290  5  4
-0.0096274480  0.0083226120  0.0027050290  6  4
-0.0789634000  -0.8764101000  -0.6272041000  1  3
0.0264522700  0.9025056000  -0.5926605000  1  3
-0.8549190000  -0.0028145490  0.6512008000  1  3
0.8929561000  -0.0327287700  0.6275901000  1  3
8
x    y    z    ((1<<(angular_quantum_number*2))+magnetic_quantum_number)    number_of_primitives
-0.0106685500  0.0082965610  0.0035666280  1  4
-0.0106685500  0.0082965610  0.0035666280  4  4
-0.0106685500  0.0082965610  0.0035666280  5  4
-0.0106685500  0.0082965610  0.0035666280  6  4
-0.0822482800  -0.8777310000  -0.6248404000  1  3
0.0253754400  0.9040006000  -0.5857908000  1  3
-0.8539217000  0.0050718530  0.6493159000  1  3
0.8962849000  -0.0417002100  0.6255463000  1  3
8
x    y    z    ((1<<(angular_quantum_number*2))+magnetic_quantum_number)    number_of_primitives
-0.0114460100  0.0086494210  0.0049895970  1  4
-0.0114460100  0.0086494210  0.0049895970  4  4
-0.0114460100  0.0086494210  0.0049895970  5  4
-0.0114460100  0.0086494210  0.0049895970  6  4
-0.0848658200  -0.8773772000  -0.6228760000  1  3
0.0253627900  0.9054521000  -0.5790479000  1  3
-0.8534977000  0.0129219700  0.6494957000  1  3
0.8976210000  -0.0492206000  0.6221095000  1  3
8
x    y    z    ((1<<(angular_quantum_number*2))+magnetic_quantum_number)    number_of_primitives
-0.0122734400  0.0092318920  0.0066286520  1  4
-0.0122734400  0.0092318920  0.0066286520  4  4
-0.0122734400  0.0092318920  0.0066286520  5  4
-0.0122734400  0.0092318920  0.0066286520  6  4
-0.0880892000  -0.8750532000  -0.6203476000  1  3
0.0245759900  0.9074242000  -0.5738871000  1  3
-0.8531912000  0.0200808100  0.6508809000  1  3
0.8971309000  -0.0576339900  0.6182356000  1  3
8
x    y    z    ((1<<(angular_quantum_number*2))+magnetic_quantum_number)    number_of_primitives
-0.0133731500  0.0092224300  0.0084084750  1  4
-0.0133731500  0.0092224300  0.0084084750  4  4
-0.0133731500  0.0092224300  0.0084084750  5  4
-0.0133731500  0.0092224300  0.0084084750  6  4
-0.0925656300  -0.8706645000  -0.6198991000  1  3
0.0230107200  0.9099979000  -0.5670477000  1  3
-0.8551442000  0.0287424200  0.6503624000  1  3
0.8960578000  -0.0652203700  0.6132584000  1  3
8
x    y    z    ((1<<(angular_quantum_number*2))+magnetic_quantum_number)    number_of_primitives
-0.0138816100  0.0092947590  0.0101391200  1  4
-0.0138816100  0.0092947590  0.0101391200  4  4
-0.0138816100  0.0092947590  0.0101391200  5  4
-0.0138816100  0.0092947590  0.0101391200  6  4
-0.0966136600  -0.8649151000  -0.6199597000  1  3
0.0230966500  0.9130183000  -0.5615197000  1  3
-0.8601233000  0.0381249800  0.6512141000  1  3
0.8929428000  -0.0713184500  0.6089397000  1  3
8
x    y    z    ((1<<(angular_quantum_number*2))+magnetic_quantum_number)    number_of_primitives
-0.0143440200  0.0091695290  0.0113186100  1  4
-0.0143440200  0.0091695290  0.0113186100  4  4
-0.0143440200  0.0091695290  0.0113186100  5  4
-0.0143440200  0.0091695290  0.0113186100  6  4
-0.1008308000  -0.8604583000  -0.6204687000  1  3
0.0233437400  0.9154691000  -0.5563135000  1  3
-0.8659844000  0.0462901100  0.6528321000  1  3
0.8910257000  -0.0789454100  0.6049504000  1  3
8
x    y    z    ((1<<(angular_quantum_number*2))+magnetic_quantum_number)    number_of_primitives
-0.0145580500  0.0083752770  0.0127792600  1  4
-0.0145580500  0.0083752770  0.0127792600  4  4
-0.0145580500  0.0083752770  0.0127792600  5  4
-0.0145580500  0.0083752770  0.0127792600  6  4
-0.1032000000  -0.8573982000  -0.6223858000  1  3
0.0216894700  0.9211144000  -0.5525077000  1  3
-0.8738211000  0.0555939300  0.6541436000  1  3
0.8871556000  -0.0858619700  0.5998028000  1  3
8
x    y    z    ((1<<(angular_quantum_number*2))+magnetic_quantum_number)    number_of_primitives
-0.0150411400  0.0075558600  0.0141851700  1  4
-0.0150411400  0.0075558600  0.0141851700  4  4
-0.0150411400  0.0075558600  0.0141851700  5  4
-0.0150411400  0.0075558600  0.0141851700  6  4
-0.1050350000  -0.8546957000  -0.6255198000  1  3
0.0217761700  0.9274826000  -0.5503029000  1  3
-0.8811035000  0.0658567500  0.6574706000  1  3
0.8821386000  -0.0921431300  0.5953763000  1  3
8
x    y    z    ((1<<(angular_quantum_number*2))+magnetic_quantum_number)    number_of_primitives
-0.0154684600  0.0062900680  0.0157497800  1  4
-0.0154684600  0.0062900680  0.0157497800  4  4
-0.0154684600  0.0062900680  0.0157497800  5  4
-0.0154684600  0.0062900680  0.0157497800  6  4
-0.1066180000  -0.8520481000  -0.6299482000  1  3
0.0210247400  0.9334798000  -0.5486640000  1  3
-0.8881738000  0.0750312900  0.6611420000  1  3
0.8777689000  -0.0982177600  0.5913566000  1  3
8
x    y    z    ((1<<(angular_quantum_number*2))+magnetic_quantum_number)    number_of_primitives
-0.0157818700  0.0054399580  0.0169010600  1  4
-0.0157818700  0.0054399580  0.0169010600  4  4
-0.0157818700  0.0054399580  0.0169010600  5  4
-0.0157818700  0.0054399580  0.0169010600  6  4
-0.1084374000  -0.8487779000  -0.6366892000  1  3
0.0201967700  0.9378269000  -0.5484350000  1  3
-0.8949016000  0.0831022600  0.6636571000  1  3
0.8761243000  -0.1040651000  0.5866065000  1  3
8
x    y    z    ((1<<(angular_quantum_number*2))+magnetic_quantum_number)    number_of_primitives
-0.0161650400  0.0053288930  0.0170609200  1  4
-0.0161650400  0.0053288930  0.0170609200  4  4
-0.0161650400  0.0053288930  0.0170609200  5  4
-0.0161650400  0.0053288930  0.0170609200  6  4
-0.1114517000  -0.8445879000  -0.6429363000  1  3
0.0202174100  0.9418465000  -0.5467886000  1  3
-0.8992656000  0.0916976900  0.6678679000  1  3
0.8755642000  -0.1090688000  0.5820418000  1  3
8
x    y    z    ((1<<(angular_quantum_number*2))+magnetic_quantum_number)    number_of_primitives
-0.0170311500  0.0055602050  0.0176211500  1  4
-0.0170311500  0.0055602050  0.0176211500  4  4
-0.0170311500  0.0055602050  0.0176211500  5  4
-0.0170311500  0.0055602050  0.0176211500  6  4
-0.1154586000  -0.8398038000  -0.6481444000  1  3
0.0215332800  0.9460630000  -0.5452368000  1  3
-0.9032682000  0.0999167600  0.6731252000  1  3
0.8762511000  -0.1148168000  0.5779181000  1  3
8
x    y    z    ((1<<(angular_quantum_number*2))+magnetic_quantum_number)    number_of_primitives
-0.0176596300  0.0058001360  0.0177783500  1  4
-0.0176596300  0.0058001360  0.0177783500  4  4
-0.0176596300  0.0058001360  0.0177783500  5  4
-0.0176596300  0.0058001360  0.0177783500  6  4
-0.1200980000  -0.8346751000  -0.6531406000  1  3
0.0231806300  0.9479858000  -0.5430093000  1  3
-0.9051399000  0.1073885000  0.6783712000  1  3
0.8789782000  -0.1203447000  0.5734442000  1  3
8
x    y    z    ((1<<(angular_quantum_number*2))+magnetic_quantum_number)    number_of_primitives
-0.0183606800  0.0061939660  0.0182017300  1  4
-0.0183606800  0.0061939660  0.0182017300  4  4
-0.0183606800  0.0061939660  0.0182017300  5  4
-0.0183606800  0.0061939660  0.0182017300  6  4
-0.1245245000  -0.8301350000  -0.6575028000  1  3
0.0245664600  0.9469866000  -0.5409086000  1  3
-0.9043943000  0.1142653000  0.6819707000  1  3
0.8814460000  -0.1256742000  0.5694833000  1  3
8
x    y    z    ((1<<(angular_quantum_number*2))+magnetic_quantum_number)    number_of_primitives
-0.0188404800  0.0070353080  0.0187108700  1  4
-0.0188404800  0.0070353080  0.0187108700  4  4
-0.0188404800  0.0070353080  0.0187108700  5  4
-0.0188404800  0.0070353080  0.0187108700  6  4
-0.1276362000  -0.8263368000  -0.6622037000  1  3
0.0255187400  0.9453495000  -0.5383368000  1  3
-0.9019416000  0.1216295000  0.6825593000  1  3
0.8835467000  -0.1308437000  0.5674905000  1  3
8
x    y    z    ((1<<(angular_quantum_number*2))+magnetic_quantum_number)    number_of_primitives
-0.0192451200  0.0079850410  0.0190462500  1  4
-0.0192451200  0.0079850410  0.0190462500  4  4
-0.0192451200  0.0079850410  0.0190462500  5  4
-0.0192451200  0.0079850410  0.0190462500  6  4
-0.1328309000  -0.8204777000  -0.6677524000  1  3
0.0271304300  0.9425827000  -0.5359674000  1  3
-0.8959973000  0.1282094000  0.6827296000  1  3
0.8863891000  -0.1380560000  0.5665669000  1  3
8
x    y    z    ((1<<(angular_quantum_number*2))+magnetic_quantum_number)    number_of_primitives
-0.0204362000  0.0085215010  0.0195283100  1  4
-0.0204362000  0.0085215010  0.0195283100  4  4
-0.0204362000  0.0085215010  0.0195283100  5  4
-0.0204362000  0.0085215010  0.0195283100  6  4
-0.1397787000  -0.8146847000  -0.6753527000  1  3
0.0287555400  0.9391554000  -0.5373186000  1  3
-0.8892789000  0.1333672000  0.6824400000  1  3
0.8873865000  -0.1453515000  0.5658989000  1  3
8
x    y    z    ((1<<(angular_quantum_number*2))+magnetic_quantum_number)    number_of_primitives
-0.0214530000  0.0085649980  0.0202598700  1  4
-0.0214530000  0.0085649980  0.0202598700  4  4
-0.0214530000  0.0085649980  0.0202598700  5  4
-0.0214530000  0.0085649980  0.0202598700  6  4
-0.1479055000  -0.8090452000  -0.6824741000  1  3
0.0309605800  0.9352058000  -0.5398413000  1  3
-0.8830205000  0.1381703000  0.6827258000  1  3
0.8878823000  -0.1525860000  0.5663437000  1  3
8
x    y    z    ((1<<(angular_quantum_number*2))+magnetic_quantum_number)    number_of_primitives
-0.0226242700  0.0085439740  0.0214035200  1  4
-0.0226242700  0.0085439740  0.0214035200  4  4
-0.0226242700  0.0085439740  0.0214035200  5  4
-0.0226242700  0.0085439740  0.0214035200  6  4
-0.1564671000  -0.8014904000  -0.6866660000  1  3
0.0322131100  0.9306960000  -0.5419608000  1  3
-0.8745649000  0.1420163000  0.6829926000  1  3
0.8888078000  -0.1611817000  0.5663058000  1  3
8
x    y    z    ((1<<(angular_quantum_number*2))+magnetic_quantum_number)    number_of_primitives
-0.0236270500  0.0088596940  0.0226402000  1  4
-0.0236270500  0.0088596940  0.0226402000  4  4
-0.0236270500  0.0088596940  0.0226402000  5  4
-0.0236270500  0.0088596940  0.0226402000  6  4
-0.1652241000  -0.7935325000  -0.6915183000  1  3
0.0338654900  0.9262695000  -0.5458953000  1  3
-0.8660771000  0.1460975000  0.6831289000  1  3
0.8884482000  -0.1707070000  0.5658705000  1  3
8
x    y    z    ((1<<(angular_quantum_number*2))+magnetic_quantum_number)    number_of_primitives
-0.0243433500  0.0092186150  0.0237968700  1  4
-0.0243433500  0.0092186150  0.0237968700  4  4
-0.0243433500  0.0092186150  0.0237968700  5  4
-0.0243433500  0.0092186150  0.0237968700  6  4
-0.1728153000  -0.7847646000  -0.6958426000  1  3
0.0358492800  0.9220946000  -0.5496235000  1  3
-0.8543077000  0.1510388000  0.6830513000  1  3
0.8879505000  -0.1790373000  0.5639307000  1  3
8
x    y    z    ((1<<(angular_quantum_number*2))+magnetic_quantum_number)    number_of_primitives
-0.0245868900  0.0103311600  0.0254047100  1  4
-0.0245868900  0.0103311600  0.0254047100  4  4
-0.0245868900  0.0103311600  0.0254047100  5  4
-0.0245868900  0.0103311600  0.0254047100  6  4
-0.1816362000  -0.7766401000  -0.6997979000  1  3
0.0377184700  0.9174694000  -0.5554467000  1  3
-0.8440486000  0.1563424000  0.6821164000  1  3
0.8899887000  -0.1855176000  0.5618736000  1  3
8
x    y    z    ((1<<(angular_quantum_number*2))+magnetic_quantum_number)    number_of_primitives
-0.0248671000  0.0109371400  0.0265952600  1  4
-0.0248671000  0.0109371400  0.0265952600  4  4
-0.0248671000  0.0109371400  0.0265952600  5  4
-0.0248671000  0.0109371400  0.0265952600  6  4
-0.1887624000  -0.7687731000  -0.7013706000  1  3
0.0412876900  0.9126720000  -0.5596632000  1  3
-0.8357179000  0.1611309000  0.6828753000  1  3
0.8901211000  -0.1911426000  0.5615765000  1  3
8
x    y    z    ((1<<(angular_quantum_number*2))+magnetic_quantum_number)    number_of_primitives
-0.0243932100  0.0120064800  0.0274478800  1  4
-0.0243932100  0.0120064800  0.0274478800  4  4
-0.0243932100  0.0120064800  0.0274478800  5  4
-0.0243932100  0.0120064800  0.0274478800  6  4
-0.1970306000  -0.7615892000  -0.7021711000  1  3
0.0459455700  0.9112602000  -0.5639383000  1  3
-0.8299401000  0.1656038000  0.6861644000  1  3
0.8919209000  -0.1986529000  0.5606794000  1  3
8
x    y    z    ((1<<(angular_quantum_number*2))+magnetic_quantum_number)    number_of_primitives
-0.0235130900  0.0129878000  0.0280839400  1  4
-0.0235130900  0.0129878000  0.0280839400  4  4
-0.0235130900  0.0129878000  0.0280839400  5  4
-0.0235130900  0.0129878000  0.0280839400  6  4
-0.2051432000  -0.7556222000  -0.7025799000  1  3
0.0518112100  0.9103934000  -0.5660579000  1  3
-0.8277581000  0.1701860000  0.6908578000  1  3
0.8946877000  -0.2049222000  0.5597199000  1  3
8
x    y    z    ((1<<(angular_quantum_number*2))+magnetic_quantum_number)    number_of_primitives
-0.0230536300  0.0138912800  0.0283084900  1  4
-0.0230536300  0.0138912800  0.0283084900  4  4
-0.0230536300  0.0138912800  0.0283084900  5  4
-0.0230536300  0.0138912800  0.0283084900  6  4
-0.2136741000  -0.7494527000  -0.7027615000  1  3
0.0577513700  0.9075168000  -0.5685938000  1  3
-0.8255212000  0.1744587000  0.6968645000  1  3
0.8985976000  -0.2132766000  0.5593377000  1  3
8
x    y    z    ((1<<(angular_quantum_number*2))+magnetic_quantum_number)    number_of_primitives
-0.0223987700  0.0148853100  0.0287593200  1  4
-0.0223987700  0.0148853100  0.0287593200  4  4
-0.0223987700  0.0148853100  0.0287593200  5  4
-0.0223987700  0.0148853100  0.0287593200  6  4
-0.2237941000  -0.7435425000  -0.7017112000  1  3
0.0656333300  0.9067107000  -0.5694870000  1  3
-0.8254492000  0.1772449000  0.7049228000  1  3
0.9010465000  -0.2216395000  0.5574073000  1  3
8
x    y    z    ((1<<(angular_quantum_number*2))+magnetic_quantum_number)    number_of_primitives
-0.0217445000  0.0155486800  0.0291887900  1  4
-0.0217445000  0.0155486800  0.0291887900  4  4
-0.0217445000  0.0155486800  0.0291887900  5  4
-0.0217445000  0.0155486800  0.0291887900  6  4
-0.2349854000  -0.7364987000  -0.7013384000  1  3
0.0745748600  0.9080505000  -0.5706490000  1  3
-0.8260794000  0.1793953000  0.7143928000  1  3
0.9035521000  -0.2286507000  0.5556246000  1  3
8
x    y    z    ((1<<(angular_quantum_number*2))+magnetic_quantum_number)    number_of_primitives
-0.0210381900  0.0165101300  0.0293713600  1  4
-0.0210381900  0.0165101300  0.0293713600  4  4
-0.0210381900  0.0165101300  0.0293713600  5  4
-0.0210381900  0.0165101300  0.0293713600  6  4
-0.2460862000  -0.7314343000  -0.7003619000  1  3
0.0838460300  0.9110101000  -0.5699804000  1  3
-0.8288935000  0.1813952000  0.7250153000  1  3
0.9038814000  -0.2363233000  0.5539649000  1  3
8
x    y    z    ((1<<(angular_quantum_number*2))+magnetic_quantum_number)    number_of_primitives
-0.0206042200  0.0175686700  0.0300472100  1  4
-0.0206042200  0.0175686700  0.0300472100  4  4
-0.0206042200  0.0175686700  0.0300472100  5  4
-0.0206042200  0.0175686700  0.0300472100  6  4
-0.2565299000  -0.7286543000  -0.7011208000  1  3
0.1016065000  0.9177753000  -0.5630535000  1  3
-0.8326312000  0.1828959000  0.7357211000  1  3
0.9028273000  -0.2433917000  0.5519627000  1  3
8
x    y    z    ((1<<(angular_quantum_number*2))+magnetic_quantum_number)    number_of_primitives
-0.0201907700  0.0188156400  0.0305742100  1  4
-0.0201907700  0.0188156400  0.0305742100  4  4
-0.0201907700  0.0188156400  0.0305742100  5  4
-0.0201907700  0.0188156400  0.0305742100  6  4
-0.2686153000  -0.7276115000  -0.7014784000  1  3
0.1408498000  0.9268513000  -0.5479543000  1  3
-0.8355721000  0.1846838000  0.7466899000  1  3
0.9019965000  -0.2530680000  0.5505376000  1  3
8
x    y    z    ((1<<(angular_quantum_number*2))+magnetic_quantum_number)    number_of_primitives
-0.0199662700  0.0198860200  0.0307058600  1  4
-0.0199662700  0.0198860200  0.0307058600  4  4
-0.0199662700  0.0198860200  0.0307058600  5  4
-0.0199662700  0.0198860200  0.0307058600  6  4
-0.2840977000  -0.7281282000  -0.7019308000  1  3
0.2151520000  0.9369372000  -0.5260340000  1  3
-0.8371959000  0.1850041000  0.7574998000  1  3
0.8987357000  -0.2613263000  0.5472333000  1  3
8
x    y    z    ((1<<(angular_quantum_number*2))+magnetic_quantum_number)    number_of_primitives
-0.0199783400  0.0209072500  0.0314881600  1  4
-0.0199783400  0.0209072500  0.0314881600  4  4
-0.0199783400  0.0209072500  0.0314881600  5  4
-0.0199783400  0.0209072500  0.0314881600  6  4
-0.2991165000  -0.7279029000  -0.7041923000  1  3
0.3304326000  0.9459482000  -0.4958604000  1  3
-0.8369177000  0.1863099000  0.7678801000  1  3
0.8952554000  -0.2684354000  0.5456001000  1  3
8
x    y    z    ((1<<(angular_quantum_number*2))+magnetic_quantum_number)    number_of_primitives
-0.0198047000  0.0216962400  0.0322885100  1  4
-0.0198047000  0.0216962400  0.0322885100  4  4
-0.0198047000  0.0216962400  0.0322885100  5  4
-0.0198047000  0.0216962400  0.0322885100  6  4
-0.3135211000  -0.7292542000  -0.7051575000  1  3
0.4852216000  0.9550096000  -0.4570019000  1  3
-0.8331100000  0.1895262000  0.7791139000  1  3
0.8913815000  -0.2751206000  0.5445933000  1  3
8
x    y    z    ((1<<(angular_quantum_number*2))+magnetic_quantum_number)    number_of_primitives
-0.0192639800  0.0229824200  0.0335489400  1  4
-0.0192639800  0.0229824200  0.0335489400  4  4
-0.0192639800  0.0229824200  0.0335489400  5  4
-0.0192639800  0.0229824200  0.0335489400  6  4
-0.3261156000  -0.7292277000  -0.7049909000  1  3
0.6728250000  0.9625546000  -0.4125213000  1  3
-0.8271468000  0.1931011000  0.7878969000  1  3
0.8875020000  -0.2818446000  0.5422485000  1  3
8
x    y    z    ((1<<(angular_quantum_number*2))+magnetic_quantum_number)    number_of_primitives
-0.0180522600  0.0247882700  0.0341389200  1  4
-0.0180522600  0.0247882700  0.0341389200  4  4
-0.0180522600  0.0247882700  0.0341389200  5  4
-0.0180522600  0.0247882700  0.0341389200  6  4
-0.3389107000  -0.7272785000  -0.7046332000  1  3
0.8883557000  0.9673681000  -0.3617480000  1  3
-0.8205685000  0.1963543000  0.7949180000  1  3
0.8850833000  -0.2909276000  0.5415351000  1  3
8
x    y    z    ((1<<(angular_quantum_number*2))+magnetic_quantum_number)    number_of_primitives
-0.0162399600  0.0269905900  0.0349748100  1  4
-0.0162399600  0.0269905900  0.0349748100  4  4
-0.0162399600  0.0269905900  0.0349748100  5  4
-0.0162399600  0.0269905900  0.0349748100  6  4
-0.3536475000  -0.7243167000  -0.7043853000  1  3
1.1349900000  0.9705836000  -0.3056147000  1  3
-0.8116000000  0.2002888000  0.7982658000  1  3
0.8799093000  -0.3021491000  0.5425740000  1  3
8
x    y    z    ((1<<(angular_quantum_number*2))+magnetic_quantum_number)    number_of_primitives
-0.0137958800  0.0294654900  0.0362061100  1  4
-0.0137958800  0.0294654900  0.0362061100  4  4
-0.0137958800  0.0294654900  0.0362061100  5  4
-0.0137958800  0.0294654900  0.0362061100  6  4
-0.3666252000  -0.7175662000  -0.7027578000  1  3
1.4117580000  0.9730802000  -0.2441919000  1  3
-0.8007239000  0.2071803000  0.7983510000  1  3
0.8728617000  -0.3181747000  0.5438514000  1  3
8
x    y    z    ((1<<(angular_quantum_number*2))+magnetic_quantum_number)    number_of_primitives
-0.0113089200  0.0317693500  0.0380032600  1  4
-0.0113089200  0.0317693500  0.0380032600  4  4
-0.0113089200  0.0317693500  0.0380032600  5  4
-0.0113089200  0.0317693500  0.0380032600  6  4
-0.3768295000  -0.7078635000  -0.6993873000  1  3
1.7193720000  0.9752160000  -0.1761083000  1  3
-0.7892744000  0.2166446000  0.7959078000  1  3
0.8627936000  -0.3364637000  0.5468075000  1  3
8
x    y    z    ((1<<(angular_quantum_number*2))+magnetic_quantum_number)    number_of_primitives
-0.0085292980  0.0340742800  0.0403485200  1  4
-0.0085292980  0.0340742800  0.0403485200  4  4
-0.0085292980  0.0340742800  0.0403485200  5  4
-0.0085292980  0.0340742800  0.0403485200  6  4
-0.3850126000  -0.6939272000  -0.6975023000  1  3
2.0516360000  0.9782799000  -0.1041332000  1  3
-0.7765607000  0.2304006000  0.7907943000  1  3
0.8521370000  -0.3575346000  0.5515047000  1  3
8
x    y    z    ((1<<(angular_quantum_number*2))+magnetic_quantum_number)    number_of_primitives
-0.0056970030  0.0360929700  0.0424137000  1  4
-0.0056970030  0.0360929700  0.0424137000  4  4
-0.0056970030  0.0360929700  0.0424137000  5  4
-0.0056970030  0.0360929700  0.0424137000  6  4
-0.3917177000  -0.6782687000  -0.6960262000  1  3
2.4102350000  0.9816365000  -0.0278757600  1  3
-0.7630104000  0.2479203000  0.7834969000  1  3
0.8427863000  -0.3780435000  0.5559123000  1  3
8
x    y    z    ((1<<(angular_quantum_number*2))+magnetic_quantum_number)    number_of_primitives
-0.0027020750  0.0380338300  0.0447053800  1  4
-0.0027020750  0.0380338300  0.0447053800  4  4
-0.0027020750  0.0380338300  0.0447053800  5  4
-0.0027020750  0.0380338300  0.0447053800  6  4
-0.3974670000  -0.6596183000  -0.6945633000  1  3
2.7964690000  0.9826854000  0.0532699700  1  3
-0.7505068000  0.2679428000  0.7762808000  1  3
0.8333371000  -0.3979108000  0.5625587000  1  3
8
x    y    z    ((1<<(angular_quantum_number*2))+magnetic_quantum_number)    number_of_primitives
0.0002486573  0.0398467100  0.0472305400  1  4
0.0002486573  0.0398467100  0.0472305400  4  4
0.0002486573  0.0398467100  0.0472305400  5  4
0.0002486573  0.0398467100  0.0472305400  6  4
-0.4006209000  -0.6377223000  -0.6947677000  1  3
3.2021010000  0.9828605000  0.1380837000  1  3
-0.7384952000  0.2914664000  0.7674921000  1  3
0.8246714000  -0.4178992000  0.5675946000  1  3
8
x    y    z    ((1<<(angular_quantum_number*2))+magnetic_quantum_number)    number_of_primitives
0.0028743380  0.0413384700  0.0498731600  1  4
0.0028743380  0.0413384700  0.0498731600  4  4
0.0028743380  0.0413384700  0.0498731600  5  4
0.0028743380  0.0413384700  0.0498731600  6  4
-0.4020374000  -0.6155139000  -0.6962703000  1  3
3.6076230000  0.9813484000  0.2235317000  1  3
-0.7278216000  0.3144194000  0.7601209000  1  3
0.8168157000  -0.4339948000  0.5722898000  1  3
8
x    y    z    ((1<<(angular_quantum_number*2))+magnetic_quantum_number)    number_of_primitives
0.0050279420  0.0421787300  0.0524916500  1  4
0.0050279420  0.0421787300  0.0524916500  4  4
0.0050279420  0.0421787300  0.0524916500  5  4
0.0050279420  0.0421787300  0.0524916500  6  4
-0.4053019000  -0.5913885000  -0.6975459000  1  3
4.0046430000  0.9779154000  0.3080208000  1  3
-0.7200094000  0.3383849000  0.7548087000  1  3
0.8109112000  -0.4478497000  0.5762110000  1  3
8
x    y    z    ((1<<(angular_quantum_number*2))+magnetic_quantum_number)    number_of_primitives
0.0064875360  0.0424249900  0.0547791900  1  4
0.0064875360  0.0424249900  0.0547791900  4  4
0.0064875360  0.0424249900  0.0547791900  5  4
0.0064875360  0.0424249900  0.0547791900  6  4
-0.4093992000  -0.5669944000  -0.6981969000  1  3
4.3927590000  0.9722418000  0.3910592000  1  3
-0.7137775000  0.3646933000  0.7497784000  1  3
0.8083128000  -0.4599862000  0.5778953000  1  3
8
x    y    z    ((1<<(angular_quantum_number*2))+magnetic_quantum_number)    number_of_primitives
0.0075554590  0.0422743000  0.0566726300  1  4
0.0075554590  0.0422743000  0.0566726300  4  4
0.0075554590  0.0422743000  0.0566726300  5  4
0.0075554590  0.0422743000  0.0566726300  6  4
-0.4153047000  -0.5472142000  -0.7001821000  1  3
4.7711950000  0.9659473000  0.4724674000  1  3
-0.7101269000  0.3922592000  0.7477497000  1  3
0.8080308000  -0.4718880000  0.5794018000  1  3
8
x    y    z    ((1<<(angular_quantum_number*2))+magnetic_quantum_number)    number_of_primitives
0.0085115780  0.0417322200  0.0586812600  1  4
0.0085115780  0.0417322200  0.0586812600  4  4
0.0085115780  0.0417322200  0.0586812600  5  4
0.0085115780  0.0417322200  0.0586812600  6  4
-0.4208922000  -0.5276268000  -0.7060715000  1  3
5.1378830000  0.9594637000  0.5528305000  1  3
-0.7052423000  0.4198327000  0.7464345000  1  3
0.8069767000  -0.4823705000  0.5805127000  1  3
8
x    y    z    ((1<<(angular_quantum_number*2))+magnetic_quantum_number)    number_of_primitives
0.0093164750  0.0410781300  0.0608543100  1  4
0.0093164750  0.0410781300  0.0608543100  4  4
0.0093164750  0.0410781300  0.0608543100  5  4
0.0093164750  0.0410781300  0.0608543100  6  4
-0.4288085000  -0.5085402000  -0.7147429000  1  3
5.4947000000  0.9525447000  0.6320992000  1  3
-0.7013571000  0.4479541000  0.7468924000  1  3
0.8062670000  -0.4914951000  0.5819851000  1  3
8
x    y    z    ((1<<(angular_quantum_number*2))+magnetic_quantum_number)    number_of_primitives
0.0100067000  0.0403984900  0.0630471100  1  4
0.0100067000  0.0403984900  0.0630471100  4  4
0.0100067000  0.0403984900  0.0630471100  5  4
0.0100067000  0.0403984900  0.0630471100  6  4
-0.4358296000  -0.4908483000  -0.7254733000  1  3
5.8390870000  0.9458435000  0.7092104000  1  3
-0.6992242000  0.4789246000  0.7462906000  1  3
0.8053813000  -0.5001022000  0.5838018000  1  3
8
x    y    z    ((1<<(angular_quantum_number*2))+magnetic_quantum_number)    number_of_primitives
0.0100697400  0.0394535500  0.0648267600  1  4
0.0100697400  0.0394535500  0.0648267600  4  4
0.0100697400  0.0394535500  0.0648267600  5  4
0.0100697400  0.0394535500  0.0648267600  6  4
-0.4434762000  -0.4745086000  -0.7391049000  1  3
6.1710890000  0.9389964000  0.7853640000  1  3
-0.6975532000  0.5108972000  0.7446479000  1  3
0.8057182000  -0.5083345000  0.5833684000  1  3
8
x    y    z    ((1<<(angular_quantum_number*2))+magnetic_quantum_number)    number_of_primitives
0.0098950430  0.0379392100  0.0669298500  1  4
0.0098950430  0.0379392100  0.0669298500  4  4
0.0098950430  0.0379392100  0.0669298500  5  4
0.0098950430  0.0379392100  0.0669298500  6  4
-0.4525024000  -0.4574876000  -0.7543318000  1  3
6.4894200000  0.9297630000  0.8596611000  1  3
-0.6939650000  0.5434234000  0.7406207000  1  3
0.8058128000  -0.5160766000  0.5803007000  1  3
8
x    y    z    ((1<<(angular_quantum_number*2))+magnetic_quantum_number)    number_of_primitives
0.0092795720  0.0361096500  0.0690678800  1  4
0.0092795720  0.0361096500  0.0690678800  4  4
0.0092795720  0.0361096500  0.0690678800  5  4
0.0092795720  0.0361096500  0.0690678800  6  4
-0.4598926000  -0.4413957000  -0.7700905000  1  3
6.7939140000  0.9199902000  0.9335759000  1  3
-0.6901233000  0.5762883000  0.7356681000  1  3
0.8050975000  -0.5208759000  0.5757114000  1  3
8
x    y    z    ((1<<(angular_quantum_number*2))+magnetic_quantum_number)    number_of_primitives
0.0088158240  0.0346361100  0.0712783000  1  4
0.0088158240  0.0346361100  0.0712783000  4  4
0.0088158240  0.0346361100  0.0712783000  5  4
0.0088158240  0.0346361100  0.0712783000  6  4
-0.4660110000  -0.4232676000  -0.7857035000  1  3
7.0838580000  0.9092087000  1.0053670000  1  3
-0.6841430000  0.6095998000  0.7301363000  1  3
0.8026031000  -0.5219443000  0.5699885000  1  3
8
x    y    z    ((1<<(angular_quantum_number*2))+magnetic_quantum_number)    number_of_primitives
0.0076751500  0.0333861300  0.0736552700  1  4
0.0076751500  0.0333861300  0.0736552700  4  4
0.0076751500  0.0333861300  0.0736552700  5  4
0.0076751500  0.0333861300  0.0736552700  6  4
-0.4708075000  -0.4055975000  -0.8027756000  1  3
7.3591910000  0.8962907000  1.0757270000  1  3
-0.6767548000  0.6394935000  0.7234956000  1  3
0.7982637000  -0.5230476000  0.5633668000  1  3
8
x    y    z    ((1<<(angular_quantum_number*2))+magnetic_quantum_number)    number_of_primitives
0.0060023710  0.0314960600  0.0760793100  1  4
0.0060023710  0.0314960600  0.0760793100  4  4
0.0060023710  0.0314960600  0.0760793100  5  4
0.0060023710  0.0314960600  0.0760793100  6  4
-0.4747808000  -0.3874069000  -0.8205858000  1  3
7.6207790000  0.8843226000  1.1432250000  1  3
-0.6661531000  0.6655416000  0.7138137000  1  3
0.7944560000  -0.5205410000  0.5548127000  1  3
8
x    y    z    ((1<<(angular_quantum_number*2))+magnetic_quantum_number)    number_of_primitives
0.0039852620  0.0295534800  0.0782698500  1  4
0.0039852620  0.0295534800  0.0782698500  4  4
0.0039852620  0.0295534800  0.0782698500  5  4
0.0039852620  0.0295534800  0.0782698500  6  4
-0.4759342000  -0.3676418000  -0.8369331000  1  3
7.8672100000  0.8713193000  1.2072780000  1  3
-0.6551558000  0.6886338000  0.7028902000  1  3
0.7902622000  -0.5186892000  0.5448469000  1  3
8
x    y    z    ((1<<(angular_quantum_number*2))+magnetic_quantum_number)    number_of_primitives
0.0014113050  0.0276389900  0.0804093100  1  4
0.0014113050  0.0276389900  0.0804093100  4  4
0.0014113050  0.0276389900  0.0804093100  5  4
0.0014113050  0.0276389900  0.0804093100  6  4
-0.4744619000  -0.3467563000  -0.8507785000  1  3
8.0973520000  0.8557479000  1.2692760000  1  3
-0.6414505000  0.7103141000  0.6901463000  1  3
0.7854043000  -0.5188377000  0.5368530000  1  3
8
x    y    z    ((1<<(angular_quantum_number*2))+magnetic_quantum_number)    number_of_primitives
-0.0015051110  0.0261408000  0.0817896400  1  4
-0.0015051110  0.0261408000  0.0817896400  4  4
-0.0015051110  0.0261408000  0.0817896400  5  4
-0.0015051110  0.0261408000  0.0817896400  6  4
-0.4698593000  -0.3249502000  -0.8627201000  1  3
8.3105520000  0.8397867000  1.3256040000  1  3
-0.6247720000  0.7308438000  0.6757426000  1  3
0.7814679000  -0.5187640000  0.5289330000  1  3
8
x    y    z    ((1<<(angular_quantum_number*2))+magnetic_quantum_number)    number_of_primitives
-0.0043220610  0.0250647400  0.0831685600  1  4
-0.0043220610  0.0250647400  0.0831685600  4  4
-0.0043220610  0.0250647400  0.0831685600  5  4
-0.0043220610  0.0250647400  0.0831685600  6  4
-0.4629177000  -0.3015505000  -0.8733180000  1  3
8.5065520000  0.8226351000  1.3762390000  1  3
-0.6063827000  0.7492576000  0.6587632000  1  3
0.7801280000  -0.5193298000  0.5220434000  1  3
8
x    y    z    ((1<<(angular_quantum_number*2))+magnetic_quantum_number)    number_of_primitives
-0.0070115190  0.0240750300  0.0843400100  1  4
-0.0070115190  0.0240750300  0.0843400100  4  4
-0.0070115190  0.0240750300  0.0843400100  5  4
-0.0070115190  0.0240750300  0.0843400100  6  4
-0.4546646000  -0.2764884000  -0.8807895000  1  3
8.6848090000  0.8042402000  1.4236800000  1  3
-0.5859893000  0.7656239000  0.6406275000  1  3
0.7807866000  -0.5212914000  0.5147763000  1  3
8
x    y    z    ((1<<(angular_quantum_number*2))+magnetic_quantum_number)    number_of_primitives
-0.0096903320  0.0233434700  0.0853636000  1  4
-0.0096903320  0.0233434700  0.0853636000  4  4
-0.0096903320  0.0233434700  0.0853636000  5  4
-0.0096903320  0.0233434700  0.0853636000  6  4
-0.4462790000  -0.2519192000  -0.8832895000  1  3
8.8455340000  0.7828872000  1.4683650000  1  3
-0.5642332000  0.7803796000  0.6225107000  1  3
0.7821132000  -0.5244442000  0.5076776000  1  3
